255 255 255 255 255 255 255 255 255 255 255 255 255 255 255 255
255 255 255 255 255 255 255 255 255 255 255 255 255 255 255 255
255 255   0   0   0   0   0   0   0   0   0   0   0   0 255 255
255 255   0   0   0   0   0   0   0   0   0   0   0   0 255 255
255 255   0   0 239 247 247 247 247 208   0   0   0   0 255 255
255 255   0   0 247 255 255 255 255 215   0   0   0   0 255 255
255 255   0   0  39  40 221 255 255 249 215 208   0   0 255 255
255 255   0   0   0   0 215 250 224 219 219 212   0   0 255 255
255 255   0   0   0   0 215 224  67  36  36  35   0   0 255 255
255 255   0   0   0   0 215 219  36   6  40  39   0   0 255 255
255 255   0   0   0   0 215 219  36  40 255 247   0   0 255 255
255 255   0   0   0   0 208 212  35  39 247 239   0   0 255 255
255 255   0   0   0   0   0   0   0   0   0   0   0   0 255 255
255 255   0   0   0   0   0   0   0   0   0   0   0   0 255 255
255 255 255 255 255 255 255 255 255 255 255 255 255 255 255 255
255 255 255 255 255 255 255 255 255 255 255 255 255 255 255 255
255 255 255 255 255 255 255 255 255 255 255 255 255 255 255 255
255 255 255 255 255 255 255 255 255 255 255 255 255 255 255 255
255 255   0   0   0   0   0   0   0   0   0   0   0   0 255 255
255 255   0   0   0   0   0   0   0   0   0   0   0   0 255 255
255 255   0   0 239 247 247 247 247 208   0   0   0   0 255 255
255 255   0   0 247 255 255 255 255 215   0   0   0   0 255 255
255 255   0   0  39  40 221 255 255 249 215 208   0   0 255 255
255 255   0   0   0   0 215 250 224 219 219 212   0   0 255 255
255 255   0   0   0   0 215 224  67  36  36  35   0   0 255 255
255 255   0   0   0   0 215 219  36   6  40  39   0   0 255 255
255 255   0   0   0   0 215 219  36  40 255 247   0   0 255 255
255 255   0   0   0   0 208 212  35  39 247 239   0   0 255 255
255 255   0   0   0   0   0   0   0   0   0   0   0   0 255 255
255 255   0   0   0   0   0   0   0   0   0   0   0   0 255 255
255 255 255 255 255 255 255 255 255 255 255 255 255 255 255 255
255 255 255 255 255 255 255 255 255 255 255 255 255 255 255 255
255 255 255 255 255 255 255 255 255 255 255 255 255 255 255 255
255 255 255 255 255 255 255 255 255 255 255 255 255 255 255 255
255 255   0   0   0   0   0   0   0   0   0   0   0   0 255 255
255 255   0   0   0   0   0   0   0   0   0   0   0   0 255 255
255 255   0   0 239 247 247 247 247 208   0   0   0   0 255 255
255 255   0   0 247 255 255 255 255 215   0   0   0   0 255 255
255 255   0   0  39  40 221 255 255 249 215 208   0   0 255 255
255 255   0   0   0   0 215 250 224 219 219 212   0   0 255 255
255 255   0   0   0   0 215 224  67  36  36  35   0   0 255 255
255 255   0   0   0   0 215 219  36   6  40  39   0   0 255 255
255 255   0   0   0   0 215 219  36  40 255 247   0   0 255 255
255 255   0   0   0   0 208 212  35  39 247 239   0   0 255 255
255 255   0   0   0   0   0   0   0   0   0   0   0   0 255 255
255 255   0   0   0   0   0   0   0   0   0   0   0   0 255 255
255 255 255 255 255 255 255 255 255 255 255 255 255 255 255 255
255 255 255 255 255 255 255 255 255 255 255 255 255 255 255 255

255 255 255 255 255 255 255 255 255 255 255 255 255 255 255 255
255 255 255 255 255 255 255 255 255 255 255 255 255 255 255 255
255 255   0   0   0   0   0   0   0   0   0   0   0   0 255 255
255 255   0   0   0   0   0   0   0   0   0   0   0   0 255 255
255 255   0   0   0   0 208 212  35  39 247 239   0   0 255 255
255 255   0   0   0   0 215 219  36  40 255 247   0   0 255 255
255 255   0   0 208 215 249 219  36   6  40  39   0   0 255 255
255 255   0   0 247 255 255 224  67  36  36  35   0   0 255 255
255 255   0   0 247 255 255 250 224 219 219 212   0   0 255 255
255 255   0   0 247 255 221 215 215 215 215 208   0   0 255 255
255 255   0   0 247 255  40   0   0   0   0   0   0   0 255 255
255 255   0   0 239 247  39   0   0   0   0   0   0   0 255 255
255 255   0   0   0   0   0   0   0   0   0   0   0   0 255 255
255 255   0   0   0   0   0   0   0   0   0   0   0   0 255 255
255 255 255 255 255 255 255 255 255 255 255 255 255 255 255 255
255 255 255 255 255 255 255 255 255 255 255 255 255 255 255 255
255 255 255 255 255 255 255 255 255 255 255 255 255 255 255 255
255 255 255 255 255 255 255 255 255 255 255 255 255 255 255 255
255 255   0   0   0   0   0   0   0   0   0   0   0   0 255 255
255 255   0   0   0   0   0   0   0   0   0   0   0   0 255 255
255 255   0   0   0   0 208 212  35  39 247 239   0   0 255 255
255 255   0   0   0   0 215 219  36  40 255 247   0   0 255 255
255 255   0   0 208 215 249 219  36   6  40  39   0   0 255 255
255 255   0   0 247 255 255 224  67  36  36  35   0   0 255 255
255 255   0   0 247 255 255 250 224 219 219 212   0   0 255 255
255 255   0   0 247 255 221 215 215 215 215 208   0   0 255 255
255 255   0   0 247 255  40   0   0   0   0   0   0   0 255 255
255 255   0   0 239 247  39   0   0   0   0   0   0   0 255 255
255 255   0   0   0   0   0   0   0   0   0   0   0   0 255 255
255 255   0   0   0   0   0   0   0   0   0   0   0   0 255 255
255 255 255 255 255 255 255 255 255 255 255 255 255 255 255 255
255 255 255 255 255 255 255 255 255 255 255 255 255 255 255 255
255 255 255 255 255 255 255 255 255 255 255 255 255 255 255 255
255 255 255 255 255 255 255 255 255 255 255 255 255 255 255 255
255 255   0   0   0   0   0   0   0   0   0   0   0   0 255 255
255 255   0   0   0   0   0   0   0   0   0   0   0   0 255 255
255 255   0   0   0   0 208 212  35  39 247 239   0   0 255 255
255 255   0   0   0   0 215 219  36  40 255 247   0   0 255 255
255 255   0   0 208 215 249 219  36   6  40  39   0   0 255 255
255 255   0   0 247 255 255 224  67  36  36  35   0   0 255 255
255 255   0   0 247 255 255 250 224 219 219 212   0   0 255 255
255 255   0   0 247 255 221 215 215 215 215 208   0   0 255 255
255 255   0   0 247 255  40   0   0   0   0   0   0   0 255 255
255 255   0   0 239 247  39   0   0   0   0   0   0   0 255 255
255 255   0   0   0   0   0   0   0   0   0   0   0   0 255 255
255 255   0   0   0   0   0   0   0   0   0   0   0   0 255 255
255 255 255 255 255 255 255 255 255 255 255 255 255 255 255 255
255 255 255 255 255 255 255 255 255 255 255 255 255 255 255 255

255 255 255 255 255 255 255 255 255 255 255 255 255 255 255 255
255 251 225 225 225 225 225 225 225 225 225 225 225 225 251 255
255 225   0   0   0   0   0   0   0   0   0   0   0   0 228 255
255 225   0   0  15  13   1   2  13  13   2   0   0   0 228 255
255 225   0  15 254 208  18  39 222 225  38   0   0   0 228 255
255 225   0  13 208 172  15  39 223 226  38   0   0   0 228 255
255 225   0   1  18  15   1  39 223 226  38   0   0   0 228 255
255 225   0   2  39  39  39  73 228 226  38   0   0   0 228 255
255 225   0  13 222 223 223 228 251 226  38   0   0   0 228 255
255 225   0  13 225 231 252 255 255 229  62  26   1   0 228 255
255 225   0   2  38  76 238 255 255 250 222 203  11   0 228 255
255 225   0   0   0  42 221 239 239 239 239 226  13   0 228 255
255 225   0   0   0   2  12  14  14  14  14  13   0   0 228 255
255 225   0   0   0   0   0   0   0   0   0   0   0   0 228 255
255 251 228 228 228 228 228 228 228 228 228 228 228 228 252 255
255 255 255 255 255 255 255 255 255 255 255 255 255 255 255 255
255 255 255 255 255 255 255 255 255 255 255 255 255 255 255 255
255 251 225 225 225 225 225 225 225 225 225 225 225 225 251 255
255 225   0   0   0   0   0   0   0   0   0   0   0   0 228 255
255 225   0   0  15  13   1   2  13  13   2   0   0   0 228 255
255 225   0  15 254 208  18  39 222 225  38   0   0   0 228 255
255 225   0  13 208 172  15  39 223 226  38   0   0   0 228 255
255 225   0   1  18  15   1  39 223 226  38   0   0   0 228 255
255 225   0   2  39  39  39  73 228 226  38   0   0   0 228 255
255 225   0  13 222 223 223 228 251 226  38   0   0   0 228 255
255 225   0  13 225 231 252 255 255 229  62  26   1   0 228 255
255 225   0   2  38  76 238 255 255 250 222 203  11   0 228 255
255 225   0   0   0  42 221 239 239 239 239 226  13   0 228 255
255 225   0   0   0   2  12  14  14  14  14  13   0   0 228 255
255 225   0   0   0   0   0   0   0   0   0   0   0   0 228 255
255 251 228 228 228 228 228 228 228 228 228 228 228 228 252 255
255 255 255 255 255 255 255 255 255 255 255 255 255 255 255 255
255 255 255 255 255 255 255 255 255 255 255 255 255 255 255 255
255 251 225 225 225 225 225 225 225 225 225 225 225 225 251 255
255 225   0   0   0   0   0   0   0   0   0   0   0   0 228 255
255 225   0   0  15  13   1   2  13  13   2   0   0   0 228 255
255 225   0  15 254 208  18  39 222 225  38   0   0   0 228 255
255 225   0  13 208 172  15  39 223 226  38   0   0   0 228 255
255 225   0   1  18  15   1  39 223 226  38   0   0   0 228 255
255 225   0   2  39  39  39  73 228 226  38   0   0   0 228 255
255 225   0  13 222 223 223 228 251 226  38   0   0   0 228 255
255 225   0  13 225 231 252 255 255 229  62  26   1   0 228 255
255 225   0   2  38  76 238 255 255 250 222 203  11   0 228 255
255 225   0   0   0  42 221 239 239 239 239 226  13   0 228 255
255 225   0   0   0   2  12  14  14  14  14  13   0   0 228 255
255 225   0   0   0   0   0   0   0   0   0   0   0   0 228 255
255 251 228 228 228 228 228 228 228 228 228 228 228 228 252 255
255 255 255 255 255 255 255 255 255 255 255 255 255 255 255 255

255 255 255 255 255 255 255 255 255 255 255 255 255 255 255 255
255 252 227 227 227 227 227 227 227 227 227 227 227 227 252 255
255 227   0   0   0   0   0   0   0   0   0   0   0   0 227 255
255 227   0   0   0   0   0   0   0   1  13  14   1   0 227 255
255 227   0   0   0   0   0   0   0  23 206 240  14   0 227 255
255 227   0   2  40  42  42  42  42  62 220 247  15   0 227 255
255 227   0  13 224 231 231 231 231 233 251 247  15   0 227 255
255 227   0  13 212 219 219 224 250 255 255 247  15   0 227 255
255 227   0   2  35  36  36  66 224 255 255 247  15   0 227 255
255 227   0   1  23  20   2  36 219 253 235 224  13   0 227 255
255 227   0  13 206 178  20  36 219 235  77  40   2   0 227 255
255 227   0  14 240 206  23  35 212 224  40   0   0   0 227 255
255 227   0   1  14  13   1   2  13  13   2   0   0   0 227 255
255 227   0   0   0   0   0   0   0   0   0   0   0   0 227 255
255 252 227 227 227 227 227 227 227 227 227 227 227 227 252 255
255 255 255 255 255 255 255 255 255 255 255 255 255 255 255 255
255 255 255 255 255 255 255 255 255 255 255 255 255 255 255 255
255 252 227 227 227 227 227 227 227 227 227 227 227 227 252 255
255 227   0   0   0   0   0   0   0   0   0   0   0   0 227 255
255 227   0   0   0   0   0   0   0   1  13  14   1   0 227 255
255 227   0   0   0   0   0   0   0  23 206 240  14   0 227 255
255 227   0   2  40  42  42  42  42  62 220 247  15   0 227 255
255 227   0  13 224 231 231 231 231 233 251 247  15   0 227 255
255 227   0  13 212 219 219 224 250 255 255 247  15   0 227 255
255 227   0   2  35  36  36  66 224 255 255 247  15   0 227 255
255 227   0   1  23  20   2  36 219 253 235 224  13   0 227 255
255 227   0  13 206 178  20  36 219 235  77  40   2   0 227 255
255 227   0  14 240 206  23  35 212 224  40   0   0   0 227 255
255 227   0   1  14  13   1   2  13  13   2   0   0   0 227 255
255 227   0   0   0   0   0   0   0   0   0   0   0   0 227 255
255 252 227 227 227 227 227 227 227 227 227 227 227 227 252 255
255 255 255 255 255 255 255 255 255 255 255 255 255 255 255 255
255 255 255 255 255 255 255 255 255 255 255 255 255 255 255 255
255 252 227 227 227 227 227 227 227 227 227 227 227 227 252 255
255 227   0   0   0   0   0   0   0   0   0   0   0   0 227 255
255 227   0   0   0   0   0   0   0   1  13  14   1   0 227 255
255 227   0   0   0   0   0   0   0  23 206 240  14   0 227 255
255 227   0   2  40  42  42  42  42  62 220 247  15   0 227 255
255 227   0  13 224 231 231 231 231 233 251 247  15   0 227 255
255 227   0  13 212 219 219 224 250 255 255 247  15   0 227 255
255 227   0   2  35  36  36  66 224 255 255 247  15   0 227 255
255 227   0   1  23  20   2  36 219 253 235 224  13   0 227 255
255 227   0  13 206 178  20  36 219 235  77  40   2   0 227 255
255 227   0  14 240 206  23  35 212 224  40   0   0   0 227 255
255 227   0   1  14  13   1   2  13  13   2   0   0   0 227 255
255 227   0   0   0   0   0   0   0   0   0   0   0   0 227 255
255 252 227 227 227 227 227 227 227 227 227 227 227 227 252 255
255 255 255 255 255 255 255 255 255 255 255 255 255 255 255 255
