255 255 255 255 255 255 255 255 255 255 255 255 255 255 255 255
255 255 255 255 255 255 255 255 255 255 255 255 255 255 255 255
255 255   0   0   0   0   0   0   0   0   0   0   0   0 255 255
255 255   0   0   0   0   0   0   0   0   0   0   0   0 255 255
255 255   0   0   0   0 208 247 247 247 247 239   0   0 255 255
255 255   0   0   0   0 215 255 255 255 255 247   0   0 255 255
255 255   0   0 208 215  67  40  40  73 255 247   0   0 255 255
255 255   0   0 247 255  40   5  31  65 219 212   0   0 255 255
255 255   0   0 247 255  40  31 189 191  36  35   0   0 255 255
255 255   0   0 208 215  67  70 225 215   0   0   0   0 255 255
255 255   0   0   0   0 215 255 255 215   0   0   0   0 255 255
255 255   0   0   0   0 208 247 247 208   0   0   0   0 255 255
255 255   0   0   0   0   0   0   0   0   0   0   0   0 255 255
255 255   0   0   0   0   0   0   0   0   0   0   0   0 255 255
255 255 255 255 255 255 255 255 255 255 255 255 255 255 255 255
255 255 255 255 255 255 255 255 255 255 255 255 255 255 255 255
255 255 255 255 255 255 255 255 255 255 255 255 255 255 255 255
255 255 255 255 255 255 255 255 255 255 255 255 255 255 255 255
255 255   0   0   0   0   0   0   0   0   0   0   0   0 255 255
255 255   0   0   0   0   0   0   0   0   0   0   0   0 255 255
255 255   0   0   0   0 208 247 247 247 247 239   0   0 255 255
255 255   0   0   0   0 215 255 255 255 255 247   0   0 255 255
255 255   0   0 208 215  67  40  40  73 255 247   0   0 255 255
255 255   0   0 247 255  40   5  31  65 219 212   0   0 255 255
255 255   0   0 247 255  40  31 189 191  36  35   0   0 255 255
255 255   0   0 208 215  67  70 225 215   0   0   0   0 255 255
255 255   0   0   0   0 215 255 255 215   0   0   0   0 255 255
255 255   0   0   0   0 208 247 247 208   0   0   0   0 255 255
255 255   0   0   0   0   0   0   0   0   0   0   0   0 255 255
255 255   0   0   0   0   0   0   0   0   0   0   0   0 255 255
255 255 255 255 255 255 255 255 255 255 255 255 255 255 255 255
255 255 255 255 255 255 255 255 255 255 255 255 255 255 255 255
255 255 255 255 255 255 255 255 255 255 255 255 255 255 255 255
255 255 255 255 255 255 255 255 255 255 255 255 255 255 255 255
255 255   0   0   0   0   0   0   0   0   0   0   0   0 255 255
255 255   0   0   0   0   0   0   0   0   0   0   0   0 255 255
255 255   0   0   0   0 208 247 247 247 247 239   0   0 255 255
255 255   0   0   0   0 215 255 255 255 255 247   0   0 255 255
255 255   0   0 208 215  67  40  40  73 255 247   0   0 255 255
255 255   0   0 247 255  40   5  31  65 219 212   0   0 255 255
255 255   0   0 247 255  40  31 189 191  36  35   0   0 255 255
255 255   0   0 208 215  67  70 225 215   0   0   0   0 255 255
255 255   0   0   0   0 215 255 255 215   0   0   0   0 255 255
255 255   0   0   0   0 208 247 247 208   0   0   0   0 255 255
255 255   0   0   0   0   0   0   0   0   0   0   0   0 255 255
255 255   0   0   0   0   0   0   0   0   0   0   0   0 255 255
255 255 255 255 255 255 255 255 255 255 255 255 255 255 255 255
255 255 255 255 255 255 255 255 255 255 255 255 255 255 255 255

255 255 255 255 255 255 255 255 255 255 255 255 255 255 255 255
255 255 255 255 255 255 255 255 255 255 255 255 255 255 255 255
255 255   0   0   0   0   0   0   0   0   0   0   0   0 255 255
255 255   0   0   0   0   0   0   0   0   0   0   0   0 255 255
255 255   0   0 239 247 247 212  35   0   0   0   0   0 255 255
255 255   0   0 247 255 255 219  36   0   0   0   0   0 255 255
255 255   0   0 247 255  73  65 191 215 215 208   0   0 255 255
255 255   0   0 247 255  40  31 189 225 255 247   0   0 255 255
255 255   0   0 247 255  40   5  31  70 255 247   0   0 255 255
255 255   0   0 208 215  67  40  40  67 215 208   0   0 255 255
255 255   0   0   0   0 215 255 255 215   0   0   0   0 255 255
255 255   0   0   0   0 208 247 247 208   0   0   0   0 255 255
255 255   0   0   0   0   0   0   0   0   0   0   0   0 255 255
255 255   0   0   0   0   0   0   0   0   0   0   0   0 255 255
255 255 255 255 255 255 255 255 255 255 255 255 255 255 255 255
255 255 255 255 255 255 255 255 255 255 255 255 255 255 255 255
255 255 255 255 255 255 255 255 255 255 255 255 255 255 255 255
255 255 255 255 255 255 255 255 255 255 255 255 255 255 255 255
255 255   0   0   0   0   0   0   0   0   0   0   0   0 255 255
255 255   0   0   0   0   0   0   0   0   0   0   0   0 255 255
255 255   0   0 239 247 247 212  35   0   0   0   0   0 255 255
255 255   0   0 247 255 255 219  36   0   0   0   0   0 255 255
255 255   0   0 247 255  73  65 191 215 215 208   0   0 255 255
255 255   0   0 247 255  40  31 189 225 255 247   0   0 255 255
255 255   0   0 247 255  40   5  31  70 255 247   0   0 255 255
255 255   0   0 208 215  67  40  40  67 215 208   0   0 255 255
255 255   0   0   0   0 215 255 255 215   0   0   0   0 255 255
255 255   0   0   0   0 208 247 247 208   0   0   0   0 255 255
255 255   0   0   0   0   0   0   0   0   0   0   0   0 255 255
255 255   0   0   0   0   0   0   0   0   0   0   0   0 255 255
255 255 255 255 255 255 255 255 255 255 255 255 255 255 255 255
255 255 255 255 255 255 255 255 255 255 255 255 255 255 255 255
255 255 255 255 255 255 255 255 255 255 255 255 255 255 255 255
255 255 255 255 255 255 255 255 255 255 255 255 255 255 255 255
255 255   0   0   0   0   0   0   0   0   0   0   0   0 255 255
255 255   0   0   0   0   0   0   0   0   0   0   0   0 255 255
255 255   0   0 239 247 247 212  35   0   0   0   0   0 255 255
255 255   0   0 247 255 255 219  36   0   0   0   0   0 255 255
255 255   0   0 247 255  73  65 191 215 215 208   0   0 255 255
255 255   0   0 247 255  40  31 189 225 255 247   0   0 255 255
255 255   0   0 247 255  40   5  31  70 255 247   0   0 255 255
255 255   0   0 208 215  67  40  40  67 215 208   0   0 255 255
255 255   0   0   0   0 215 255 255 215   0   0   0   0 255 255
255 255   0   0   0   0 208 247 247 208   0   0   0   0 255 255
255 255   0   0   0   0   0   0   0   0   0   0   0   0 255 255
255 255   0   0   0   0   0   0   0   0   0   0   0   0 255 255
255 255 255 255 255 255 255 255 255 255 255 255 255 255 255 255
255 255 255 255 255 255 255 255 255 255 255 255 255 255 255 255

255 255 255 255 255 255 255 255 255 255 255 255 255 255 255 255
255 251 225 225 225 225 225 225 225 225 225 225 225 225 251 255
255 225   0   0   0   0   0   0   0   0   0   0   0   0 228 255
255 225   0   0   0   2  14  15  15  13   2   0   0   0 228 255
255 225   0   0   0  44 235 254 254 225  38   0   0   0 228 255
255 225   0   0   0  45 236 247 215 191  69  42   2   0 228 255
255 225   0   0   0  45 236 217  48  43 203 221  12   0 228 255
255 225   0   2  39  70 201 181  26  28 216 239  14   0 228 255
255 225   0  13 222 189  46  26   3  28 216 239  14   0 228 255
255 225   0  15 254 214  45  28  28  50 196 212  12   0 228 255
255 225   0  15 254 248 219 216 216 196  65  36   2   0 228 255
255 225   0  14 239 239 239 239 239 212  36   0   0   0 228 255
255 225   0   0  14  14  14  14  14  12   2   0   0   0 228 255
255 225   0   0   0   0   0   0   0   0   0   0   0   0 228 255
255 251 228 228 228 228 228 228 228 228 228 228 228 228 252 255
255 255 255 255 255 255 255 255 255 255 255 255 255 255 255 255
255 255 255 255 255 255 255 255 255 255 255 255 255 255 255 255
255 251 225 225 225 225 225 225 225 225 225 225 225 225 251 255
255 225   0   0   0   0   0   0   0   0   0   0   0   0 228 255
255 225   0   0   0   2  14  15  15  13   2   0   0   0 228 255
255 225   0   0   0  44 235 254 254 225  38   0   0   0 228 255
255 225   0   0   0  45 236 247 215 191  69  42   2   0 228 255
255 225   0   0   0  45 236 217  48  43 203 221  12   0 228 255
255 225   0   2  39  70 201 181  26  28 216 239  14   0 228 255
255 225   0  13 222 189  46  26   3  28 216 239  14   0 228 255
255 225   0  15 254 214  45  28  28  50 196 212  12   0 228 255
255 225   0  15 254 248 219 216 216 196  65  36   2   0 228 255
255 225   0  14 239 239 239 239 239 212  36   0   0   0 228 255
255 225   0   0  14  14  14  14  14  12   2   0   0   0 228 255
255 225   0   0   0   0   0   0   0   0   0   0   0   0 228 255
255 251 228 228 228 228 228 228 228 228 228 228 228 228 252 255
255 255 255 255 255 255 255 255 255 255 255 255 255 255 255 255
255 255 255 255 255 255 255 255 255 255 255 255 255 255 255 255
255 251 225 225 225 225 225 225 225 225 225 225 225 225 251 255
255 225   0   0   0   0   0   0   0   0   0   0   0   0 228 255
255 225   0   0   0   2  14  15  15  13   2   0   0   0 228 255
255 225   0   0   0  44 235 254 254 225  38   0   0   0 228 255
255 225   0   0   0  45 236 247 215 191  69  42   2   0 228 255
255 225   0   0   0  45 236 217  48  43 203 221  12   0 228 255
255 225   0   2  39  70 201 181  26  28 216 239  14   0 228 255
255 225   0  13 222 189  46  26   3  28 216 239  14   0 228 255
255 225   0  15 254 214  45  28  28  50 196 212  12   0 228 255
255 225   0  15 254 248 219 216 216 196  65  36   2   0 228 255
255 225   0  14 239 239 239 239 239 212  36   0   0   0 228 255
255 225   0   0  14  14  14  14  14  12   2   0   0   0 228 255
255 225   0   0   0   0   0   0   0   0   0   0   0   0 228 255
255 251 228 228 228 228 228 228 228 228 228 228 228 228 252 255
255 255 255 255 255 255 255 255 255 255 255 255 255 255 255 255

255 255 255 255 255 255 255 255 255 255 255 255 255 255 255 255
255 252 227 227 227 227 227 227 227 227 227 227 227 227 252 255
255 227   0   0   0   0   0   0   0   0   0   0   0   0 227 255
255 227   0   0   0   2  13  15  15  13   2   0   0   0 227 255
255 227   0   0   0  40 224 247 247 224  40   0   0   0 227 255
255 227   0   2  40  70 197 213 213 197  70  40   2   0 227 255
255 227   0  13 224 197  43  24  24  43 197 224  13   0 227 255
255 227   0  15 247 219  56  31   5  24 213 247  15   0 227 255
255 227   0  15 247 249 222 188  31  24 213 247  15   0 227 255
255 227   0  13 224 231 231 202  53  45 217 247  15   0 227 255
255 227   0   2  40  42  42  66 189 217 248 247  15   0 227 255
255 227   0   0   0   0   0  35 212 247 247 240  14   0 227 255
255 227   0   0   0   0   0   2  13  15  15  14   1   0 227 255
255 227   0   0   0   0   0   0   0   0   0   0   0   0 227 255
255 252 227 227 227 227 227 227 227 227 227 227 227 227 252 255
255 255 255 255 255 255 255 255 255 255 255 255 255 255 255 255
255 255 255 255 255 255 255 255 255 255 255 255 255 255 255 255
255 252 227 227 227 227 227 227 227 227 227 227 227 227 252 255
255 227   0   0   0   0   0   0   0   0   0   0   0   0 227 255
255 227   0   0   0   2  13  15  15  13   2   0   0   0 227 255
255 227   0   0   0  40 224 247 247 224  40   0   0   0 227 255
255 227   0   2  40  70 197 213 213 197  70  40   2   0 227 255
255 227   0  13 224 197  43  24  24  43 197 224  13   0 227 255
255 227   0  15 247 219  56  31   5  24 213 247  15   0 227 255
255 227   0  15 247 249 222 188  31  24 213 247  15   0 227 255
255 227   0  13 224 231 231 202  53  45 217 247  15   0 227 255
255 227   0   2  40  42  42  66 189 217 248 247  15   0 227 255
255 227   0   0   0   0   0  35 212 247 247 240  14   0 227 255
255 227   0   0   0   0   0   2  13  15  15  14   1   0 227 255
255 227   0   0   0   0   0   0   0   0   0   0   0   0 227 255
255 252 227 227 227 227 227 227 227 227 227 227 227 227 252 255
255 255 255 255 255 255 255 255 255 255 255 255 255 255 255 255
255 255 255 255 255 255 255 255 255 255 255 255 255 255 255 255
255 252 227 227 227 227 227 227 227 227 227 227 227 227 252 255
255 227   0   0   0   0   0   0   0   0   0   0   0   0 227 255
255 227   0   0   0   2  13  15  15  13   2   0   0   0 227 255
255 227   0   0   0  40 224 247 247 224  40   0   0   0 227 255
255 227   0   2  40  70 197 213 213 197  70  40   2   0 227 255
255 227   0  13 224 197  43  24  24  43 197 224  13   0 227 255
255 227   0  15 247 219  56  31   5  24 213 247  15   0 227 255
255 227   0  15 247 249 222 188  31  24 213 247  15   0 227 255
255 227   0  13 224 231 231 202  53  45 217 247  15   0 227 255
255 227   0   2  40  42  42  66 189 217 248 247  15   0 227 255
255 227   0   0   0   0   0  35 212 247 247 240  14   0 227 255
255 227   0   0   0   0   0   2  13  15  15  14   1   0 227 255
255 227   0   0   0   0   0   0   0   0   0   0   0   0 227 255
255 252 227 227 227 227 227 227 227 227 227 227 227 227 252 255
255 255 255 255 255 255 255 255 255 255 255 255 255 255 255 255
