255 255 255 255 255 255 255 255 255 255 255 255 255 255 255 255
255 255 255 255 255 255 255 255 255 255 255 255 255 255 255 255
255 255   0   0   0   0   0   0   0   0   0   0   0   0 255 255
255 255   0   0   0   0   0   0   0   0   0   0   0   0 255 255
255 255   0   0   0   0   0  35 212 208   0   0   0   0 255 255
255 255   0   0   0   0   0  36 219 215   0   0   0   0 255 255
255 255   0   0 208 215 215 221 249 215   0   0   0   0 255 255
255 255   0   0 247 255 225 224 250 215   0   0   0   0 255 255
255 255   0   0 247 255  70  67 224 215   0   0   0   0 255 255
255 255   0   0 208 215  67  65 191 188  40  39   0   0 255 255
255 255   0   0   0   0 215 219  36  40 255 247   0   0 255 255
255 255   0   0   0   0 208 212  35  39 247 239   0   0 255 255
255 255   0   0   0   0   0   0   0   0   0   0   0   0 255 255
255 255   0   0   0   0   0   0   0   0   0   0   0   0 255 255
255 255 255 255 255 255 255 255 255 255 255 255 255 255 255 255
255 255 255 255 255 255 255 255 255 255 255 255 255 255 255 255
255 255 255 255 255 255 255 255 255 255 255 255 255 255 255 255
255 255 255 255 255 255 255 255 255 255 255 255 255 255 255 255
255 255   0   0   0   0   0   0   0   0   0   0   0   0 255 255
255 255   0   0   0   0   0   0   0   0   0   0   0   0 255 255
255 255   0   0   0   0   0  35 212 208   0   0   0   0 255 255
255 255   0   0   0   0   0  36 219 215   0   0   0   0 255 255
255 255   0   0 208 215 215 221 249 215   0   0   0   0 255 255
255 255   0   0 247 255 225 224 250 215   0   0   0   0 255 255
255 255   0   0 247 255  70  67 224 215   0   0   0   0 255 255
255 255   0   0 208 215  67  65 191 188  40  39   0   0 255 255
255 255   0   0   0   0 215 219  36  40 255 247   0   0 255 255
255 255   0   0   0   0 208 212  35  39 247 239   0   0 255 255
255 255   0   0   0   0   0   0   0   0   0   0   0   0 255 255
255 255   0   0   0   0   0   0   0   0   0   0   0   0 255 255
255 255 255 255 255 255 255 255 255 255 255 255 255 255 255 255
255 255 255 255 255 255 255 255 255 255 255 255 255 255 255 255
255 255 255 255 255 255 255 255 255 255 255 255 255 255 255 255
255 255 255 255 255 255 255 255 255 255 255 255 255 255 255 255
255 255   0   0   0   0   0   0   0   0   0   0   0   0 255 255
255 255   0   0   0   0   0   0   0   0   0   0   0   0 255 255
255 255   0   0   0   0   0  35 212 208   0   0   0   0 255 255
255 255   0   0   0   0   0  36 219 215   0   0   0   0 255 255
255 255   0   0 208 215 215 221 249 215   0   0   0   0 255 255
255 255   0   0 247 255 225 224 250 215   0   0   0   0 255 255
255 255   0   0 247 255  70  67 224 215   0   0   0   0 255 255
255 255   0   0 208 215  67  65 191 188  40  39   0   0 255 255
255 255   0   0   0   0 215 219  36  40 255 247   0   0 255 255
255 255   0   0   0   0 208 212  35  39 247 239   0   0 255 255
255 255   0   0   0   0   0   0   0   0   0   0   0   0 255 255
255 255   0   0   0   0   0   0   0   0   0   0   0   0 255 255
255 255 255 255 255 255 255 255 255 255 255 255 255 255 255 255
255 255 255 255 255 255 255 255 255 255 255 255 255 255 255 255

255 255 255 255 255 255 255 255 255 255 255 255 255 255 255 255
255 255 255 255 255 255 255 255 255 255 255 255 255 255 255 255
255 255   0   0   0   0   0   0   0   0   0   0   0   0 255 255
255 255   0   0   0   0   0   0   0   0   0   0   0   0 255 255
255 255   0   0   0   0   0   0   0  39 247 239   0   0 255 255
255 255   0   0   0   0   0   0   0  40 255 247   0   0 255 255
255 255   0   0 208 215 215 215 215 188  40  39   0   0 255 255
255 255   0   0 212 219 249 250 224 191  36  35   0   0 255 255
255 255   0   0  35  36 221 224  67  65 219 212   0   0 255 255
255 255   0   0   0   0 215 225  70  67 215 208   0   0 255 255
255 255   0   0   0   0 215 255 255 215   0   0   0   0 255 255
255 255   0   0   0   0 208 247 247 208   0   0   0   0 255 255
255 255   0   0   0   0   0   0   0   0   0   0   0   0 255 255
255 255   0   0   0   0   0   0   0   0   0   0   0   0 255 255
255 255 255 255 255 255 255 255 255 255 255 255 255 255 255 255
255 255 255 255 255 255 255 255 255 255 255 255 255 255 255 255
255 255 255 255 255 255 255 255 255 255 255 255 255 255 255 255
255 255 255 255 255 255 255 255 255 255 255 255 255 255 255 255
255 255   0   0   0   0   0   0   0   0   0   0   0   0 255 255
255 255   0   0   0   0   0   0   0   0   0   0   0   0 255 255
255 255   0   0   0   0   0   0   0  39 247 239   0   0 255 255
255 255   0   0   0   0   0   0   0  40 255 247   0   0 255 255
255 255   0   0 208 215 215 215 215 188  40  39   0   0 255 255
255 255   0   0 212 219 249 250 224 191  36  35   0   0 255 255
255 255   0   0  35  36 221 224  67  65 219 212   0   0 255 255
255 255   0   0   0   0 215 225  70  67 215 208   0   0 255 255
255 255   0   0   0   0 215 255 255 215   0   0   0   0 255 255
255 255   0   0   0   0 208 247 247 208   0   0   0   0 255 255
255 255   0   0   0   0   0   0   0   0   0   0   0   0 255 255
255 255   0   0   0   0   0   0   0   0   0   0   0   0 255 255
255 255 255 255 255 255 255 255 255 255 255 255 255 255 255 255
255 255 255 255 255 255 255 255 255 255 255 255 255 255 255 255
255 255 255 255 255 255 255 255 255 255 255 255 255 255 255 255
255 255 255 255 255 255 255 255 255 255 255 255 255 255 255 255
255 255   0   0   0   0   0   0   0   0   0   0   0   0 255 255
255 255   0   0   0   0   0   0   0   0   0   0   0   0 255 255
255 255   0   0   0   0   0   0   0  39 247 239   0   0 255 255
255 255   0   0   0   0   0   0   0  40 255 247   0   0 255 255
255 255   0   0 208 215 215 215 215 188  40  39   0   0 255 255
255 255   0   0 212 219 249 250 224 191  36  35   0   0 255 255
255 255   0   0  35  36 221 224  67  65 219 212   0   0 255 255
255 255   0   0   0   0 215 225  70  67 215 208   0   0 255 255
255 255   0   0   0   0 215 255 255 215   0   0   0   0 255 255
255 255   0   0   0   0 208 247 247 208   0   0   0   0 255 255
255 255   0   0   0   0   0   0   0   0   0   0   0   0 255 255
255 255   0   0   0   0   0   0   0   0   0   0   0   0 255 255
255 255 255 255 255 255 255 255 255 255 255 255 255 255 255 255
255 255 255 255 255 255 255 255 255 255 255 255 255 255 255 255

255 255 255 255 255 255 255 255 255 255 255 255 255 255 255 255
255 251 225 225 225 225 225 225 225 225 225 225 225 225 251 255
255 225   0   0   0   0   0   0   0   0   0   0   0   0 228 255
255 225   0   0  15  13   1   2  13  13   2   0   0   0 228 255
255 225   0  15 254 208  18  39 222 225  38   0   0   0 228 255
255 225   0  13 208 180  57  70 189 191  69  42   2   0 228 255
255 225   0   1  18  57 219 201  46  43 203 221  12   0 228 255
255 225   0   0   0  45 236 221  66  63 222 239  14   0 228 255
255 225   0   0   0  45 236 250 227 226 250 239  14   0 228 255
255 225   0   0   0  45 236 250 230 226 226 212  12   0 228 255
255 225   0   0   0  45 236 220  65  38  38  36   2   0 228 255
255 225   0   0   0  42 221 202  29   0   0   0   0   0 228 255
255 225   0   0   0   2  12  11   1   0   0   0   0   0 228 255
255 225   0   0   0   0   0   0   0   0   0   0   0   0 228 255
255 251 228 228 228 228 228 228 228 228 228 228 228 228 252 255
255 255 255 255 255 255 255 255 255 255 255 255 255 255 255 255
255 255 255 255 255 255 255 255 255 255 255 255 255 255 255 255
255 251 225 225 225 225 225 225 225 225 225 225 225 225 251 255
255 225   0   0   0   0   0   0   0   0   0   0   0   0 228 255
255 225   0   0  15  13   1   2  13  13   2   0   0   0 228 255
255 225   0  15 254 208  18  39 222 225  38   0   0   0 228 255
255 225   0  13 208 180  57  70 189 191  69  42   2   0 228 255
255 225   0   1  18  57 219 201  46  43 203 221  12   0 228 255
255 225   0   0   0  45 236 221  66  63 222 239  14   0 228 255
255 225   0   0   0  45 236 250 227 226 250 239  14   0 228 255
255 225   0   0   0  45 236 250 230 226 226 212  12   0 228 255
255 225   0   0   0  45 236 220  65  38  38  36   2   0 228 255
255 225   0   0   0  42 221 202  29   0   0   0   0   0 228 255
255 225   0   0   0   2  12  11   1   0   0   0   0   0 228 255
255 225   0   0   0   0   0   0   0   0   0   0   0   0 228 255
255 251 228 228 228 228 228 228 228 228 228 228 228 228 252 255
255 255 255 255 255 255 255 255 255 255 255 255 255 255 255 255
255 255 255 255 255 255 255 255 255 255 255 255 255 255 255 255
255 251 225 225 225 225 225 225 225 225 225 225 225 225 251 255
255 225   0   0   0   0   0   0   0   0   0   0   0   0 228 255
255 225   0   0  15  13   1   2  13  13   2   0   0   0 228 255
255 225   0  15 254 208  18  39 222 225  38   0   0   0 228 255
255 225   0  13 208 180  57  70 189 191  69  42   2   0 228 255
255 225   0   1  18  57 219 201  46  43 203 221  12   0 228 255
255 225   0   0   0  45 236 221  66  63 222 239  14   0 228 255
255 225   0   0   0  45 236 250 227 226 250 239  14   0 228 255
255 225   0   0   0  45 236 250 230 226 226 212  12   0 228 255
255 225   0   0   0  45 236 220  65  38  38  36   2   0 228 255
255 225   0   0   0  42 221 202  29   0   0   0   0   0 228 255
255 225   0   0   0   2  12  11   1   0   0   0   0   0 228 255
255 225   0   0   0   0   0   0   0   0   0   0   0   0 228 255
255 251 228 228 228 228 228 228 228 228 228 228 228 228 252 255
255 255 255 255 255 255 255 255 255 255 255 255 255 255 255 255

255 255 255 255 255 255 255 255 255 255 255 255 255 255 255 255
255 252 227 227 227 227 227 227 227 227 227 227 227 227 252 255
255 227   0   0   0   0   0   0   0   0   0   0   0   0 227 255
255 227   0   0   0   2  13  15  15  13   2   0   0   0 227 255
255 227   0   0   0  40 224 247 247 224  40   0   0   0 227 255
255 227   0   2  40  70 197 219 249 231  42   0   0   0 227 255
255 227   0  13 224 197  43  56 222 231  42   0   0   0 227 255
255 227   0  13 212 189  53  66 224 235  72  35   2   0 227 255
255 227   0   2  35  66 202 224 250 252 225 212  13   0 227 255
255 227   0   1  23  58 212 231 231 231 231 224  13   0 227 255
255 227   0  13 206 185  58  42  42  42  42  40   2   0 227 255
255 227   0  14 240 206  23   0   0   0   0   0   0   0 227 255
255 227   0   1  14  13   1   0   0   0   0   0   0   0 227 255
255 227   0   0   0   0   0   0   0   0   0   0   0   0 227 255
255 252 227 227 227 227 227 227 227 227 227 227 227 227 252 255
255 255 255 255 255 255 255 255 255 255 255 255 255 255 255 255
255 255 255 255 255 255 255 255 255 255 255 255 255 255 255 255
255 252 227 227 227 227 227 227 227 227 227 227 227 227 252 255
255 227   0   0   0   0   0   0   0   0   0   0   0   0 227 255
255 227   0   0   0   2  13  15  15  13   2   0   0   0 227 255
255 227   0   0   0  40 224 247 247 224  40   0   0   0 227 255
255 227   0   2  40  70 197 219 249 231  42   0   0   0 227 255
255 227   0  13 224 197  43  56 222 231  42   0   0   0 227 255
255 227   0  13 212 189  53  66 224 235  72  35   2   0 227 255
255 227   0   2  35  66 202 224 250 252 225 212  13   0 227 255
255 227   0   1  23  58 212 231 231 231 231 224  13   0 227 255
255 227   0  13 206 185  58  42  42  42  42  40   2   0 227 255
255 227   0  14 240 206  23   0   0   0   0   0   0   0 227 255
255 227   0   1  14  13   1   0   0   0   0   0   0   0 227 255
255 227   0   0   0   0   0   0   0   0   0   0   0   0 227 255
255 252 227 227 227 227 227 227 227 227 227 227 227 227 252 255
255 255 255 255 255 255 255 255 255 255 255 255 255 255 255 255
255 255 255 255 255 255 255 255 255 255 255 255 255 255 255 255
255 252 227 227 227 227 227 227 227 227 227 227 227 227 252 255
255 227   0   0   0   0   0   0   0   0   0   0   0   0 227 255
255 227   0   0   0   2  13  15  15  13   2   0   0   0 227 255
255 227   0   0   0  40 224 247 247 224  40   0   0   0 227 255
255 227   0   2  40  70 197 219 249 231  42   0   0   0 227 255
255 227   0  13 224 197  43  56 222 231  42   0   0   0 227 255
255 227   0  13 212 189  53  66 224 235  72  35   2   0 227 255
255 227   0   2  35  66 202 224 250 252 225 212  13   0 227 255
255 227   0   1  23  58 212 231 231 231 231 224  13   0 227 255
255 227   0  13 206 185  58  42  42  42  42  40   2   0 227 255
255 227   0  14 240 206  23   0   0   0   0   0   0   0 227 255
255 227   0   1  14  13   1   0   0   0   0   0   0   0 227 255
255 227   0   0   0   0   0   0   0   0   0   0   0   0 227 255
255 252 227 227 227 227 227 227 227 227 227 227 227 227 252 255
255 255 255 255 255 255 255 255 255 255 255 255 255 255 255 255
