255 255 255 255 255 255 255 255 255 255 255 255 255 255 255 255
255 255 255 255 255 255 255 255 255 255 255 255 255 255 255 255
255 255   0   0   0   0   0   0   0   0   0   0   0   0 255 255
255 255   0   0   0   0   0   0   0   0   0   0   0   0 255 255
255 255   0   0 239 247 247 247 247 247 247 239   0   0 255 255
255 255   0   0 247 255 255 255 255 255 255 247   0   0 255 255
255 255   0   0 247 255 255 255 255 221  40  39   0   0 255 255
255 255   0   0 212 219 249 250 224 191  36  35   0   0 255 255
255 255   0   0  35  36 221 224  67  65 219 212   0   0 255 255
255 255   0   0  39  40 188 185  30  40 255 247   0   0 255 255
255 255   0   0 247 255  40   0   0  40 255 247   0   0 255 255
255 255   0   0 239 247  39   0   0  39 247 239   0   0 255 255
255 255   0   0   0   0   0   0   0   0   0   0   0   0 255 255
255 255   0   0   0   0   0   0   0   0   0   0   0   0 255 255
255 255 255 255 255 255 255 255 255 255 255 255 255 255 255 255
255 255 255 255 255 255 255 255 255 255 255 255 255 255 255 255
255 255 255 255 255 255 255 255 255 255 255 255 255 255 255 255
255 255 255 255 255 255 255 255 255 255 255 255 255 255 255 255
255 255   0   0   0   0   0   0   0   0   0   0   0   0 255 255
255 255   0   0   0   0   0   0   0   0   0   0   0   0 255 255
255 255   0   0 239 247 247 247 247 247 247 239   0   0 255 255
255 255   0   0 247 255 255 255 255 255 255 247   0   0 255 255
255 255   0   0 247 255 255 255 255 221  40  39   0   0 255 255
255 255   0   0 212 219 249 250 224 191  36  35   0   0 255 255
255 255   0   0  35  36 221 224  67  65 219 212   0   0 255 255
255 255   0   0  39  40 188 185  30  40 255 247   0   0 255 255
255 255   0   0 247 255  40   0   0  40 255 247   0   0 255 255
255 255   0   0 239 247  39   0   0  39 247 239   0   0 255 255
255 255   0   0   0   0   0   0   0   0   0   0   0   0 255 255
255 255   0   0   0   0   0   0   0   0   0   0   0   0 255 255
255 255 255 255 255 255 255 255 255 255 255 255 255 255 255 255
255 255 255 255 255 255 255 255 255 255 255 255 255 255 255 255
255 255 255 255 255 255 255 255 255 255 255 255 255 255 255 255
255 255 255 255 255 255 255 255 255 255 255 255 255 255 255 255
255 255   0   0   0   0   0   0   0   0   0   0   0   0 255 255
255 255   0   0   0   0   0   0   0   0   0   0   0   0 255 255
255 255   0   0 239 247 247 247 247 247 247 239   0   0 255 255
255 255   0   0 247 255 255 255 255 255 255 247   0   0 255 255
255 255   0   0 247 255 255 255 255 221  40  39   0   0 255 255
255 255   0   0 212 219 249 250 224 191  36  35   0   0 255 255
255 255   0   0  35  36 221 224  67  65 219 212   0   0 255 255
255 255   0   0  39  40 188 185  30  40 255 247   0   0 255 255
255 255   0   0 247 255  40   0   0  40 255 247   0   0 255 255
255 255   0   0 239 247  39   0   0  39 247 239   0   0 255 255
255 255   0   0   0   0   0   0   0   0   0   0   0   0 255 255
255 255   0   0   0   0   0   0   0   0   0   0   0   0 255 255
255 255 255 255 255 255 255 255 255 255 255 255 255 255 255 255
255 255 255 255 255 255 255 255 255 255 255 255 255 255 255 255

255 255 255 255 255 255 255 255 255 255 255 255 255 255 255 255
255 255 255 255 255 255 255 255 255 255 255 255 255 255 255 255
255 255   0   0   0   0   0   0   0   0   0   0   0   0 255 255
255 255   0   0   0   0   0   0   0   0   0   0   0   0 255 255
255 255   0   0 239 247  39  35 212 247 247 239   0   0 255 255
255 255   0   0 247 255  40  36 219 255 255 247   0   0 255 255
255 255   0   0 247 255 221 191  65  40  40  39   0   0 255 255
255 255   0   0 247 255 255 224  67  30   0   0   0   0 255 255
255 255   0   0 247 255 255 250 224 185   0   0   0   0 255 255
255 255   0   0 247 255 255 249 221 188  40  39   0   0 255 255
255 255   0   0 247 255 255 219  36  40 255 247   0   0 255 255
255 255   0   0 239 247 247 212  35  39 247 239   0   0 255 255
255 255   0   0   0   0   0   0   0   0   0   0   0   0 255 255
255 255   0   0   0   0   0   0   0   0   0   0   0   0 255 255
255 255 255 255 255 255 255 255 255 255 255 255 255 255 255 255
255 255 255 255 255 255 255 255 255 255 255 255 255 255 255 255
255 255 255 255 255 255 255 255 255 255 255 255 255 255 255 255
255 255 255 255 255 255 255 255 255 255 255 255 255 255 255 255
255 255   0   0   0   0   0   0   0   0   0   0   0   0 255 255
255 255   0   0   0   0   0   0   0   0   0   0   0   0 255 255
255 255   0   0 239 247  39  35 212 247 247 239   0   0 255 255
255 255   0   0 247 255  40  36 219 255 255 247   0   0 255 255
255 255   0   0 247 255 221 191  65  40  40  39   0   0 255 255
255 255   0   0 247 255 255 224  67  30   0   0   0   0 255 255
255 255   0   0 247 255 255 250 224 185   0   0   0   0 255 255
255 255   0   0 247 255 255 249 221 188  40  39   0   0 255 255
255 255   0   0 247 255 255 219  36  40 255 247   0   0 255 255
255 255   0   0 239 247 247 212  35  39 247 239   0   0 255 255
255 255   0   0   0   0   0   0   0   0   0   0   0   0 255 255
255 255   0   0   0   0   0   0   0   0   0   0   0   0 255 255
255 255 255 255 255 255 255 255 255 255 255 255 255 255 255 255
255 255 255 255 255 255 255 255 255 255 255 255 255 255 255 255
255 255 255 255 255 255 255 255 255 255 255 255 255 255 255 255
255 255 255 255 255 255 255 255 255 255 255 255 255 255 255 255
255 255   0   0   0   0   0   0   0   0   0   0   0   0 255 255
255 255   0   0   0   0   0   0   0   0   0   0   0   0 255 255
255 255   0   0 239 247  39  35 212 247 247 239   0   0 255 255
255 255   0   0 247 255  40  36 219 255 255 247   0   0 255 255
255 255   0   0 247 255 221 191  65  40  40  39   0   0 255 255
255 255   0   0 247 255 255 224  67  30   0   0   0   0 255 255
255 255   0   0 247 255 255 250 224 185   0   0   0   0 255 255
255 255   0   0 247 255 255 249 221 188  40  39   0   0 255 255
255 255   0   0 247 255 255 219  36  40 255 247   0   0 255 255
255 255   0   0 239 247 247 212  35  39 247 239   0   0 255 255
255 255   0   0   0   0   0   0   0   0   0   0   0   0 255 255
255 255   0   0   0   0   0   0   0   0   0   0   0   0 255 255
255 255 255 255 255 255 255 255 255 255 255 255 255 255 255 255
255 255 255 255 255 255 255 255 255 255 255 255 255 255 255 255

255 255 255 255 255 255 255 255 255 255 255 255 255 255 255 255
255 251 225 225 225 225 225 225 225 225 225 225 225 225 251 255
255 225   0   0   0   0   0   0   0   0   0   0   0   0 228 255
255 225   0   0  15  13   1   0   0   1  13  14   0   0 228 255
255 225   0  15 254 208  18   0   0  28 215 239  14   0 228 255
255 225   0  15 254 209  19   6  39  63 184 197  11   0 228 255
255 225   0  15 254 209  19  36 206 211  51  17   1   0 228 255
255 225   0  13 214 184  52  73 228 230  72  37   2   0 228 255
255 225   0   1  31  65 208 228 251 251 227 209  12   0 228 255
255 225   0   1  28  68 238 255 255 255 255 239  14   0 228 255
255 225   0  13 215 223 252 255 255 255 255 239  14   0 228 255
255 225   0  14 239 239 239 239 239 239 239 226  13   0 228 255
255 225   0   0  14  14  14  14  14  14  14  13   0   0 228 255
255 225   0   0   0   0   0   0   0   0   0   0   0   0 228 255
255 251 228 228 228 228 228 228 228 228 228 228 228 228 252 255
255 255 255 255 255 255 255 255 255 255 255 255 255 255 255 255
255 255 255 255 255 255 255 255 255 255 255 255 255 255 255 255
255 251 225 225 225 225 225 225 225 225 225 225 225 225 251 255
255 225   0   0   0   0   0   0   0   0   0   0   0   0 228 255
255 225   0   0  15  13   1   0   0   1  13  14   0   0 228 255
255 225   0  15 254 208  18   0   0  28 215 239  14   0 228 255
255 225   0  15 254 209  19   6  39  63 184 197  11   0 228 255
255 225   0  15 254 209  19  36 206 211  51  17   1   0 228 255
255 225   0  13 214 184  52  73 228 230  72  37   2   0 228 255
255 225   0   1  31  65 208 228 251 251 227 209  12   0 228 255
255 225   0   1  28  68 238 255 255 255 255 239  14   0 228 255
255 225   0  13 215 223 252 255 255 255 255 239  14   0 228 255
255 225   0  14 239 239 239 239 239 239 239 226  13   0 228 255
255 225   0   0  14  14  14  14  14  14  14  13   0   0 228 255
255 225   0   0   0   0   0   0   0   0   0   0   0   0 228 255
255 251 228 228 228 228 228 228 228 228 228 228 228 228 252 255
255 255 255 255 255 255 255 255 255 255 255 255 255 255 255 255
255 255 255 255 255 255 255 255 255 255 255 255 255 255 255 255
255 251 225 225 225 225 225 225 225 225 225 225 225 225 251 255
255 225   0   0   0   0   0   0   0   0   0   0   0   0 228 255
255 225   0   0  15  13   1   0   0   1  13  14   0   0 228 255
255 225   0  15 254 208  18   0   0  28 215 239  14   0 228 255
255 225   0  15 254 209  19   6  39  63 184 197  11   0 228 255
255 225   0  15 254 209  19  36 206 211  51  17   1   0 228 255
255 225   0  13 214 184  52  73 228 230  72  37   2   0 228 255
255 225   0   1  31  65 208 228 251 251 227 209  12   0 228 255
255 225   0   1  28  68 238 255 255 255 255 239  14   0 228 255
255 225   0  13 215 223 252 255 255 255 255 239  14   0 228 255
255 225   0  14 239 239 239 239 239 239 239 226  13   0 228 255
255 225   0   0  14  14  14  14  14  14  14  13   0   0 228 255
255 225   0   0   0   0   0   0   0   0   0   0   0   0 228 255
255 251 228 228 228 228 228 228 228 228 228 228 228 228 252 255
255 255 255 255 255 255 255 255 255 255 255 255 255 255 255 255

255 255 255 255 255 255 255 255 255 255 255 255 255 255 255 255
255 252 227 227 227 227 227 227 227 227 227 227 227 227 252 255
255 227   0   0   0   0   0   0   0   0   0   0   0   0 227 255
255 227   0   1  14  13   1   2  13  15  15  14   1   0 227 255
255 227   0  14 240 206  23  35 212 247 247 240  14   0 227 255
255 227   0  13 206 185  58  72 225 255 255 247  15   0 227 255
255 227   0   1  23  58 212 235 252 255 255 247  15   0 227 255
255 227   0   0   0  36 199 224 250 255 255 247  15   0 227 255
255 227   0   0   0   6  32  66 224 255 255 247  15   0 227 255
255 227   0   1  23  24  24  53 202 233 251 247  15   0 227 255
255 227   0  13 206 213 213 189  66  62 220 247  15   0 227 255
255 227   0  14 240 247 247 212  35  23 206 240  14   0 227 255
255 227   0   1  14  15  15  13   2   1  13  14   1   0 227 255
255 227   0   0   0   0   0   0   0   0   0   0   0   0 227 255
255 252 227 227 227 227 227 227 227 227 227 227 227 227 252 255
255 255 255 255 255 255 255 255 255 255 255 255 255 255 255 255
255 255 255 255 255 255 255 255 255 255 255 255 255 255 255 255
255 252 227 227 227 227 227 227 227 227 227 227 227 227 252 255
255 227   0   0   0   0   0   0   0   0   0   0   0   0 227 255
255 227   0   1  14  13   1   2  13  15  15  14   1   0 227 255
255 227   0  14 240 206  23  35 212 247 247 240  14   0 227 255
255 227   0  13 206 185  58  72 225 255 255 247  15   0 227 255
255 227   0   1  23  58 212 235 252 255 255 247  15   0 227 255
255 227   0   0   0  36 199 224 250 255 255 247  15   0 227 255
255 227   0   0   0   6  32  66 224 255 255 247  15   0 227 255
255 227   0   1  23  24  24  53 202 233 251 247  15   0 227 255
255 227   0  13 206 213 213 189  66  62 220 247  15   0 227 255
255 227   0  14 240 247 247 212  35  23 206 240  14   0 227 255
255 227   0   1  14  15  15  13   2   1  13  14   1   0 227 255
255 227   0   0   0   0   0   0   0   0   0   0   0   0 227 255
255 252 227 227 227 227 227 227 227 227 227 227 227 227 252 255
255 255 255 255 255 255 255 255 255 255 255 255 255 255 255 255
255 255 255 255 255 255 255 255 255 255 255 255 255 255 255 255
255 252 227 227 227 227 227 227 227 227 227 227 227 227 252 255
255 227   0   0   0   0   0   0   0   0   0   0   0   0 227 255
255 227   0   1  14  13   1   2  13  15  15  14   1   0 227 255
255 227   0  14 240 206  23  35 212 247 247 240  14   0 227 255
255 227   0  13 206 185  58  72 225 255 255 247  15   0 227 255
255 227   0   1  23  58 212 235 252 255 255 247  15   0 227 255
255 227   0   0   0  36 199 224 250 255 255 247  15   0 227 255
255 227   0   0   0   6  32  66 224 255 255 247  15   0 227 255
255 227   0   1  23  24  24  53 202 233 251 247  15   0 227 255
255 227   0  13 206 213 213 189  66  62 220 247  15   0 227 255
255 227   0  14 240 247 247 212  35  23 206 240  14   0 227 255
255 227   0   1  14  15  15  13   2   1  13  14   1   0 227 255
255 227   0   0   0   0   0   0   0   0   0   0   0   0 227 255
255 252 227 227 227 227 227 227 227 227 227 227 227 227 252 255
255 255 255 255 255 255 255 255 255 255 255 255 255 255 255 255
