255 255 255 255 255 255 255 255 255 255 255 255 255 255 255 255
255 255 255 255 255 255 255 255 255 255 255 255 255 255 255 255
255 255   0   0   0   0   0   0   0   0   0   0   0   0 255 255
255 255   0   0   0   0   0   0   0   0   0   0   0   0 255 255
255 255   0   0   0   0   0  35 212 247 247 239   0   0 255 255
255 255   0   0   0   0   0  36 219 255 255 247   0   0 255 255
255 255   0   0 208 215  34   6  34  40  40  39   0   0 255 255
255 255   0   0 212 219  34   0   0   0   0   0   0   0 255 255
255 255   0   0  35  36   6   0   0   0   0   0   0   0 255 255
255 255   0   0  39  40   6   6  34  40  40  39   0   0 255 255
255 255   0   0 247 255  40  36 219 255 255 247   0   0 255 255
255 255   0   0 239 247  39  35 212 247 247 239   0   0 255 255
255 255   0   0   0   0   0   0   0   0   0   0   0   0 255 255
255 255   0   0   0   0   0   0   0   0   0   0   0   0 255 255
255 255 255 255 255 255 255 255 255 255 255 255 255 255 255 255
255 255 255 255 255 255 255 255 255 255 255 255 255 255 255 255
255 255 255 255 255 255 255 255 255 255 255 255 255 255 255 255
255 255 255 255 255 255 255 255 255 255 255 255 255 255 255 255
255 255   0   0   0   0   0   0   0   0   0   0   0   0 255 255
255 255   0   0   0   0   0   0   0   0   0   0   0   0 255 255
255 255   0   0   0   0   0  35 212 247 247 239   0   0 255 255
255 255   0   0   0   0   0  36 219 255 255 247   0   0 255 255
255 255   0   0 208 215  34   6  34  40  40  39   0   0 255 255
255 255   0   0 212 219  34   0   0   0   0   0   0   0 255 255
255 255   0   0  35  36   6   0   0   0   0   0   0   0 255 255
255 255   0   0  39  40   6   6  34  40  40  39   0   0 255 255
255 255   0   0 247 255  40  36 219 255 255 247   0   0 255 255
255 255   0   0 239 247  39  35 212 247 247 239   0   0 255 255
255 255   0   0   0   0   0   0   0   0   0   0   0   0 255 255
255 255   0   0   0   0   0   0   0   0   0   0   0   0 255 255
255 255 255 255 255 255 255 255 255 255 255 255 255 255 255 255
255 255 255 255 255 255 255 255 255 255 255 255 255 255 255 255
255 255 255 255 255 255 255 255 255 255 255 255 255 255 255 255
255 255 255 255 255 255 255 255 255 255 255 255 255 255 255 255
255 255   0   0   0   0   0   0   0   0   0   0   0   0 255 255
255 255   0   0   0   0   0   0   0   0   0   0   0   0 255 255
255 255   0   0   0   0   0  35 212 247 247 239   0   0 255 255
255 255   0   0   0   0   0  36 219 255 255 247   0   0 255 255
255 255   0   0 208 215  34   6  34  40  40  39   0   0 255 255
255 255   0   0 212 219  34   0   0   0   0   0   0   0 255 255
255 255   0   0  35  36   6   0   0   0   0   0   0   0 255 255
255 255   0   0  39  40   6   6  34  40  40  39   0   0 255 255
255 255   0   0 247 255  40  36 219 255 255 247   0   0 255 255
255 255   0   0 239 247  39  35 212 247 247 239   0   0 255 255
255 255   0   0   0   0   0   0   0   0   0   0   0   0 255 255
255 255   0   0   0   0   0   0   0   0   0   0   0   0 255 255
255 255 255 255 255 255 255 255 255 255 255 255 255 255 255 255
255 255 255 255 255 255 255 255 255 255 255 255 255 255 255 255

255 255 255 255 255 255 255 255 255 255 255 255 255 255 255 255
255 255 255 255 255 255 255 255 255 255 255 255 255 255 255 255
255 255   0   0   0   0   0   0   0   0   0   0   0   0 255 255
255 255   0   0   0   0   0   0   0   0   0   0   0   0 255 255
255 255   0   0 239 247  39   0   0  39 247 239   0   0 255 255
255 255   0   0 247 255  40   0   0  40 255 247   0   0 255 255
255 255   0   0 247 255  40   0   0  40 255 247   0   0 255 255
255 255   0   0 212 219  34   0   0  34 219 212   0   0 255 255
255 255   0   0  35  36   6   0   0   6  36  35   0   0 255 255
255 255   0   0   0   0  34  34   6   6  40  39   0   0 255 255
255 255   0   0   0   0 215 219  36  40 255 247   0   0 255 255
255 255   0   0   0   0 208 212  35  39 247 239   0   0 255 255
255 255   0   0   0   0   0   0   0   0   0   0   0   0 255 255
255 255   0   0   0   0   0   0   0   0   0   0   0   0 255 255
255 255 255 255 255 255 255 255 255 255 255 255 255 255 255 255
255 255 255 255 255 255 255 255 255 255 255 255 255 255 255 255
255 255 255 255 255 255 255 255 255 255 255 255 255 255 255 255
255 255 255 255 255 255 255 255 255 255 255 255 255 255 255 255
255 255   0   0   0   0   0   0   0   0   0   0   0   0 255 255
255 255   0   0   0   0   0   0   0   0   0   0   0   0 255 255
255 255   0   0 239 247  39   0   0  39 247 239   0   0 255 255
255 255   0   0 247 255  40   0   0  40 255 247   0   0 255 255
255 255   0   0 247 255  40   0   0  40 255 247   0   0 255 255
255 255   0   0 212 219  34   0   0  34 219 212   0   0 255 255
255 255   0   0  35  36   6   0   0   6  36  35   0   0 255 255
255 255   0   0   0   0  34  34   6   6  40  39   0   0 255 255
255 255   0   0   0   0 215 219  36  40 255 247   0   0 255 255
255 255   0   0   0   0 208 212  35  39 247 239   0   0 255 255
255 255   0   0   0   0   0   0   0   0   0   0   0   0 255 255
255 255   0   0   0   0   0   0   0   0   0   0   0   0 255 255
255 255 255 255 255 255 255 255 255 255 255 255 255 255 255 255
255 255 255 255 255 255 255 255 255 255 255 255 255 255 255 255
255 255 255 255 255 255 255 255 255 255 255 255 255 255 255 255
255 255 255 255 255 255 255 255 255 255 255 255 255 255 255 255
255 255   0   0   0   0   0   0   0   0   0   0   0   0 255 255
255 255   0   0   0   0   0   0   0   0   0   0   0   0 255 255
255 255   0   0 239 247  39   0   0  39 247 239   0   0 255 255
255 255   0   0 247 255  40   0   0  40 255 247   0   0 255 255
255 255   0   0 247 255  40   0   0  40 255 247   0   0 255 255
255 255   0   0 212 219  34   0   0  34 219 212   0   0 255 255
255 255   0   0  35  36   6   0   0   6  36  35   0   0 255 255
255 255   0   0   0   0  34  34   6   6  40  39   0   0 255 255
255 255   0   0   0   0 215 219  36  40 255 247   0   0 255 255
255 255   0   0   0   0 208 212  35  39 247 239   0   0 255 255
255 255   0   0   0   0   0   0   0   0   0   0   0   0 255 255
255 255   0   0   0   0   0   0   0   0   0   0   0   0 255 255
255 255 255 255 255 255 255 255 255 255 255 255 255 255 255 255
255 255 255 255 255 255 255 255 255 255 255 255 255 255 255 255

255 255 255 255 255 255 255 255 255 255 255 255 255 255 255 255
255 251 225 225 225 225 225 225 225 225 225 225 225 225 251 255
255 225   0   0   0   0   0   0   0   0   0   0   0   0 228 255
255 225   0   0  15  15  15  13   1   1  13  14   0   0 228 255
255 225   0  15 254 254 254 214  31  28 215 239  14   0 228 255
255 225   0  13 208 209 209 177  26  23 178 197  11   0 228 255
255 225   0   1  18  19  19  16   2   2  16  17   1   0 228 255
255 225   0   0   0   0   0   0   0   4  33  37   2   0 228 255
255 225   0   0   0   0   0   0   0  24 189 209  12   0 228 255
255 225   0   1  28  28  28  24   3  25 192 212  12   0 228 255
255 225   0  13 215 216 216 182  26   4  32  36   2   0 228 255
255 225   0  14 239 239 239 202  29   0   0   0   0   0 228 255
255 225   0   0  14  14  14  11   1   0   0   0   0   0 228 255
255 225   0   0   0   0   0   0   0   0   0   0   0   0 228 255
255 251 228 228 228 228 228 228 228 228 228 228 228 228 252 255
255 255 255 255 255 255 255 255 255 255 255 255 255 255 255 255
255 255 255 255 255 255 255 255 255 255 255 255 255 255 255 255
255 251 225 225 225 225 225 225 225 225 225 225 225 225 251 255
255 225   0   0   0   0   0   0   0   0   0   0   0   0 228 255
255 225   0   0  15  15  15  13   1   1  13  14   0   0 228 255
255 225   0  15 254 254 254 214  31  28 215 239  14   0 228 255
255 225   0  13 208 209 209 177  26  23 178 197  11   0 228 255
255 225   0   1  18  19  19  16   2   2  16  17   1   0 228 255
255 225   0   0   0   0   0   0   0   4  33  37   2   0 228 255
255 225   0   0   0   0   0   0   0  24 189 209  12   0 228 255
255 225   0   1  28  28  28  24   3  25 192 212  12   0 228 255
255 225   0  13 215 216 216 182  26   4  32  36   2   0 228 255
255 225   0  14 239 239 239 202  29   0   0   0   0   0 228 255
255 225   0   0  14  14  14  11   1   0   0   0   0   0 228 255
255 225   0   0   0   0   0   0   0   0   0   0   0   0 228 255
255 251 228 228 228 228 228 228 228 228 228 228 228 228 252 255
255 255 255 255 255 255 255 255 255 255 255 255 255 255 255 255
255 255 255 255 255 255 255 255 255 255 255 255 255 255 255 255
255 251 225 225 225 225 225 225 225 225 225 225 225 225 251 255
255 225   0   0   0   0   0   0   0   0   0   0   0   0 228 255
255 225   0   0  15  15  15  13   1   1  13  14   0   0 228 255
255 225   0  15 254 254 254 214  31  28 215 239  14   0 228 255
255 225   0  13 208 209 209 177  26  23 178 197  11   0 228 255
255 225   0   1  18  19  19  16   2   2  16  17   1   0 228 255
255 225   0   0   0   0   0   0   0   4  33  37   2   0 228 255
255 225   0   0   0   0   0   0   0  24 189 209  12   0 228 255
255 225   0   1  28  28  28  24   3  25 192 212  12   0 228 255
255 225   0  13 215 216 216 182  26   4  32  36   2   0 228 255
255 225   0  14 239 239 239 202  29   0   0   0   0   0 228 255
255 225   0   0  14  14  14  11   1   0   0   0   0   0 228 255
255 225   0   0   0   0   0   0   0   0   0   0   0   0 228 255
255 251 228 228 228 228 228 228 228 228 228 228 228 228 252 255
255 255 255 255 255 255 255 255 255 255 255 255 255 255 255 255

255 255 255 255 255 255 255 255 255 255 255 255 255 255 255 255
255 252 227 227 227 227 227 227 227 227 227 227 227 227 252 255
255 227   0   0   0   0   0   0   0   0   0   0   0   0 227 255
255 227   0   1  14  13   1   2  13  13   2   0   0   0 227 255
255 227   0  14 240 206  23  35 212 224  40   0   0   0 227 255
255 227   0  13 206 178  20  30 183 193  35   0   0   0 227 255
255 227   0   1  23  20   2   3  20  22   4   0   0   0 227 255
255 227   0   2  35  30   3   0   0   3  30  35   2   0 227 255
255 227   0  13 212 183  20   0   0  20 183 212  13   0 227 255
255 227   0  15 247 213  24   0   0  24 213 247  15   0 227 255
255 227   0  15 247 213  24   0   0  24 213 247  15   0 227 255
255 227   0  14 240 206  23   0   0  23 206 240  14   0 227 255
255 227   0   1  14  13   1   0   0   1  13  14   1   0 227 255
255 227   0   0   0   0   0   0   0   0   0   0   0   0 227 255
255 252 227 227 227 227 227 227 227 227 227 227 227 227 252 255
255 255 255 255 255 255 255 255 255 255 255 255 255 255 255 255
255 255 255 255 255 255 255 255 255 255 255 255 255 255 255 255
255 252 227 227 227 227 227 227 227 227 227 227 227 227 252 255
255 227   0   0   0   0   0   0   0   0   0   0   0   0 227 255
255 227   0   1  14  13   1   2  13  13   2   0   0   0 227 255
255 227   0  14 240 206  23  35 212 224  40   0   0   0 227 255
255 227   0  13 206 178  20  30 183 193  35   0   0   0 227 255
255 227   0   1  23  20   2   3  20  22   4   0   0   0 227 255
255 227   0   2  35  30   3   0   0   3  30  35   2   0 227 255
255 227   0  13 212 183  20   0   0  20 183 212  13   0 227 255
255 227   0  15 247 213  24   0   0  24 213 247  15   0 227 255
255 227   0  15 247 213  24   0   0  24 213 247  15   0 227 255
255 227   0  14 240 206  23   0   0  23 206 240  14   0 227 255
255 227   0   1  14  13   1   0   0   1  13  14   1   0 227 255
255 227   0   0   0   0   0   0   0   0   0   0   0   0 227 255
255 252 227 227 227 227 227 227 227 227 227 227 227 227 252 255
255 255 255 255 255 255 255 255 255 255 255 255 255 255 255 255
255 255 255 255 255 255 255 255 255 255 255 255 255 255 255 255
255 252 227 227 227 227 227 227 227 227 227 227 227 227 252 255
255 227   0   0   0   0   0   0   0   0   0   0   0   0 227 255
255 227   0   1  14  13   1   2  13  13   2   0   0   0 227 255
255 227   0  14 240 206  23  35 212 224  40   0   0   0 227 255
255 227   0  13 206 178  20  30 183 193  35   0   0   0 227 255
255 227   0   1  23  20   2   3  20  22   4   0   0   0 227 255
255 227   0   2  35  30   3   0   0   3  30  35   2   0 227 255
255 227   0  13 212 183  20   0   0  20 183 212  13   0 227 255
255 227   0  15 247 213  24   0   0  24 213 247  15   0 227 255
255 227   0  15 247 213  24   0   0  24 213 247  15   0 227 255
255 227   0  14 240 206  23   0   0  23 206 240  14   0 227 255
255 227   0   1  14  13   1   0   0   1  13  14   1   0 227 255
255 227   0   0   0   0   0   0   0   0   0   0   0   0 227 255
255 252 227 227 227 227 227 227 227 227 227 227 227 227 252 255
255 255 255 255 255 255 255 255 255 255 255 255 255 255 255 255
