255 255 255 255 255 255 255 255 255 255 255 255 255 255 255 255
255 255 255 255 255 255 255 255 255 255 255 255 255 255 255 255
255 255   0   0   0   0   0   0   0   0   0   0   0   0 255 255
255 255   0   0   0   0   0   0   0   0   0   0   0   0 255 255
255 255   0   0 255 255   0   0 255 255 255 255   0   0 255 255
255 255   0   0 255 255   0   0 255 255 255 255   0   0 255 255
255 255   0   0   0   0   0   0 255 255 255 255   0   0 255 255
255 255   0   0   0   0   0   0 255 255 255 255   0   0 255 255
255 255   0   0   0   0 255 255   0   0 255 255   0   0 255 255
255 255   0   0   0   0 255 255   0   0 255 255   0   0 255 255
255 255   0   0 255 255   0   0   0   0   0   0   0   0 255 255
255 255   0   0 255 255   0   0   0   0   0   0   0   0 255 255
255 255   0   0   0   0   0   0   0   0   0   0   0   0 255 255
255 255   0   0   0   0   0   0   0   0   0   0   0   0 255 255
255 255 255 255 255 255 255 255 255 255 255 255 255 255 255 255
255 255 255 255 255 255 255 255 255 255 255 255 255 255 255 255
255 255 255 255 255 255 255 255 255 255 255 255 255 255 255 255
255 255 255 255 255 255 255 255 255 255 255 255 255 255 255 255
255 255   0   0   0   0   0   0   0   0   0   0   0   0 255 255
255 255   0   0   0   0   0   0   0   0   0   0   0   0 255 255
255 255   0   0 255 255   0   0 255 255 255 255   0   0 255 255
255 255   0   0 255 255   0   0 255 255 255 255   0   0 255 255
255 255   0   0   0   0   0   0 255 255 255 255   0   0 255 255
255 255   0   0   0   0   0   0 255 255 255 255   0   0 255 255
255 255   0   0   0   0 255 255   0   0 255 255   0   0 255 255
255 255   0   0   0   0 255 255   0   0 255 255   0   0 255 255
255 255   0   0 255 255   0   0   0   0   0   0   0   0 255 255
255 255   0   0 255 255   0   0   0   0   0   0   0   0 255 255
255 255   0   0   0   0   0   0   0   0   0   0   0   0 255 255
255 255   0   0   0   0   0   0   0   0   0   0   0   0 255 255
255 255 255 255 255 255 255 255 255 255 255 255 255 255 255 255
255 255 255 255 255 255 255 255 255 255 255 255 255 255 255 255
255 255 255 255 255 255 255 255 255 255 255 255 255 255 255 255
255 255 255 255 255 255 255 255 255 255 255 255 255 255 255 255
255 255   0   0   0   0   0   0   0   0   0   0   0   0 255 255
255 255   0   0   0   0   0   0   0   0   0   0   0   0 255 255
255 255   0   0 255 255   0   0 255 255 255 255   0   0 255 255
255 255   0   0 255 255   0   0 255 255 255 255   0   0 255 255
255 255   0   0   0   0   0   0 255 255 255 255   0   0 255 255
255 255   0   0   0   0   0   0 255 255 255 255   0   0 255 255
255 255   0   0   0   0 255 255   0   0 255 255   0   0 255 255
255 255   0   0   0   0 255 255   0   0 255 255   0   0 255 255
255 255   0   0 255 255   0   0   0   0   0   0   0   0 255 255
255 255   0   0 255 255   0   0   0   0   0   0   0   0 255 255
255 255   0   0   0   0   0   0   0   0   0   0   0   0 255 255
255 255   0   0   0   0   0   0   0   0   0   0   0   0 255 255
255 255 255 255 255 255 255 255 255 255 255 255 255 255 255 255
255 255 255 255 255 255 255 255 255 255 255 255 255 255 255 255

255 255 255 255 255 255 255 255 255 255 255 255 255 255 255 255
255 255 255 255 255 255 255 255 255 255 255 255 255 255 255 255
255 255   0   0   0   0   0   0   0   0   0   0   0   0 255 255
255 255   0   0   0   0   0   0   0   0   0   0   0   0 255 255
255 255   0   0 255 255 255 255 255 255   0   0   0   0 255 255
255 255   0   0 255 255 255 255 255 255   0   0   0   0 255 255
255 255   0   0 255 255 255 255   0   0   0   0   0   0 255 255
255 255   0   0 255 255 255 255   0   0   0   0   0   0 255 255
255 255   0   0   0   0   0   0 255 255   0   0   0   0 255 255
255 255   0   0   0   0   0   0 255 255   0   0   0   0 255 255
255 255   0   0 255 255   0   0   0   0 255 255   0   0 255 255
255 255   0   0 255 255   0   0   0   0 255 255   0   0 255 255
255 255   0   0   0   0   0   0   0   0   0   0   0   0 255 255
255 255   0   0   0   0   0   0   0   0   0   0   0   0 255 255
255 255 255 255 255 255 255 255 255 255 255 255 255 255 255 255
255 255 255 255 255 255 255 255 255 255 255 255 255 255 255 255
255 255 255 255 255 255 255 255 255 255 255 255 255 255 255 255
255 255 255 255 255 255 255 255 255 255 255 255 255 255 255 255
255 255   0   0   0   0   0   0   0   0   0   0   0   0 255 255
255 255   0   0   0   0   0   0   0   0   0   0   0   0 255 255
255 255   0   0 255 255 255 255 255 255   0   0   0   0 255 255
255 255   0   0 255 255 255 255 255 255   0   0   0   0 255 255
255 255   0   0 255 255 255 255   0   0   0   0   0   0 255 255
255 255   0   0 255 255 255 255   0   0   0   0   0   0 255 255
255 255   0   0   0   0   0   0 255 255   0   0   0   0 255 255
255 255   0   0   0   0   0   0 255 255   0   0   0   0 255 255
255 255   0   0 255 255   0   0   0   0 255 255   0   0 255 255
255 255   0   0 255 255   0   0   0   0 255 255   0   0 255 255
255 255   0   0   0   0   0   0   0   0   0   0   0   0 255 255
255 255   0   0   0   0   0   0   0   0   0   0   0   0 255 255
255 255 255 255 255 255 255 255 255 255 255 255 255 255 255 255
255 255 255 255 255 255 255 255 255 255 255 255 255 255 255 255
255 255 255 255 255 255 255 255 255 255 255 255 255 255 255 255
255 255 255 255 255 255 255 255 255 255 255 255 255 255 255 255
255 255   0   0   0   0   0   0   0   0   0   0   0   0 255 255
255 255   0   0   0   0   0   0   0   0   0   0   0   0 255 255
255 255   0   0 255 255 255 255 255 255   0   0   0   0 255 255
255 255   0   0 255 255 255 255 255 255   0   0   0   0 255 255
255 255   0   0 255 255 255 255   0   0   0   0   0   0 255 255
255 255   0   0 255 255 255 255   0   0   0   0   0   0 255 255
255 255   0   0   0   0   0   0 255 255   0   0   0   0 255 255
255 255   0   0   0   0   0   0 255 255   0   0   0   0 255 255
255 255   0   0 255 255   0   0   0   0 255 255   0   0 255 255
255 255   0   0 255 255   0   0   0   0 255 255   0   0 255 255
255 255   0   0   0   0   0   0   0   0   0   0   0   0 255 255
255 255   0   0   0   0   0   0   0   0   0   0   0   0 255 255
255 255 255 255 255 255 255 255 255 255 255 255 255 255 255 255
255 255 255 255 255 255 255 255 255 255 255 255 255 255 255 255

255 255 255 255 255 255 255 255 255 255 255 255 255 255 255 255
255 251 225 225 225 225 225 225 225 225 225 225 225 225 251 255
255 225   0   0   0   0   0   0   0   0   0   0   0   0 228 255
255 225   0   0   0   0   0   0   0   1  13  14   0   0 228 255
255 225   0   0   0   0   0   0   0  28 215 239  14   0 228 255
255 225   0   2  44  37   3   6  39  63 184 197  11   0 228 255
255 225   0  14 235 194  17  36 206 211  51  17   1   0 228 255
255 225   0  15 254 216  55  66 193 190  32   0   0   0 228 255
255 225   0  15 254 249 225 193  55  28   4   0   0   0 228 255
255 225   0  15 254 255 255 215  31   3  24  26   1   0 228 255
255 225   0  15 254 255 255 215  31  24 183 203  11   0 228 255
255 225   0  14 239 239 239 202  29  26 203 226  13   0 228 255
255 225   0   0  14  14  14  11   1   1  11  13   0   0 228 255
255 225   0   0   0   0   0   0   0   0   0   0   0   0 228 255
255 251 228 228 228 228 228 228 228 228 228 228 228 228 252 255
255 255 255 255 255 255 255 255 255 255 255 255 255 255 255 255
255 255 255 255 255 255 255 255 255 255 255 255 255 255 255 255
255 251 225 225 225 225 225 225 225 225 225 225 225 225 251 255
255 225   0   0   0   0   0   0   0   0   0   0   0   0 228 255
255 225   0   0   0   0   0   0   0   1  13  14   0   0 228 255
255 225   0   0   0   0   0   0   0  28 215 239  14   0 228 255
255 225   0   2  44  37   3   6  39  63 184 197  11   0 228 255
255 225   0  14 235 194  17  36 206 211  51  17   1   0 228 255
255 225   0  15 254 216  55  66 193 190  32   0   0   0 228 255
255 225   0  15 254 249 225 193  55  28   4   0   0   0 228 255
255 225   0  15 254 255 255 215  31   3  24  26   1   0 228 255
255 225   0  15 254 255 255 215  31  24 183 203  11   0 228 255
255 225   0  14 239 239 239 202  29  26 203 226  13   0 228 255
255 225   0   0  14  14  14  11   1   1  11  13   0   0 228 255
255 225   0   0   0   0   0   0   0   0   0   0   0   0 228 255
255 251 228 228 228 228 228 228 228 228 228 228 228 228 252 255
255 255 255 255 255 255 255 255 255 255 255 255 255 255 255 255
255 255 255 255 255 255 255 255 255 255 255 255 255 255 255 255
255 251 225 225 225 225 225 225 225 225 225 225 225 225 251 255
255 225   0   0   0   0   0   0   0   0   0   0   0   0 228 255
255 225   0   0   0   0   0   0   0   1  13  14   0   0 228 255
255 225   0   0   0   0   0   0   0  28 215 239  14   0 228 255
255 225   0   2  44  37   3   6  39  63 184 197  11   0 228 255
255 225   0  14 235 194  17  36 206 211  51  17   1   0 228 255
255 225   0  15 254 216  55  66 193 190  32   0   0   0 228 255
255 225   0  15 254 249 225 193  55  28   4   0   0   0 228 255
255 225   0  15 254 255 255 215  31   3  24  26   1   0 228 255
255 225   0  15 254 255 255 215  31  24 183 203  11   0 228 255
255 225   0  14 239 239 239 202  29  26 203 226  13   0 228 255
255 225   0   0  14  14  14  11   1   1  11  13   0   0 228 255
255 225   0   0   0   0   0   0   0   0   0   0   0   0 228 255
255 251 228 228 228 228 228 228 228 228 228 228 228 228 252 255
255 255 255 255 255 255 255 255 255 255 255 255 255 255 255 255

255 255 255 255 255 255 255 255 255 255 255 255 255 255 255 255
255 252 227 227 227 227 227 227 227 227 227 227 227 227 252 255
255 227   0   0   0   0   0   0   0   0   0   0   0   0 227 255
255 227   0   1  14  13   1   0   0   1  13  14   1   0 227 255
255 227   0  14 240 206  23   0   0  23 206 240  14   0 227 255
255 227   0  13 206 185  58  36   6  20 178 206  13   0 227 255
255 227   0   1  23  58 212 199  32   2  20  23   1   0 227 255
255 227   0   0   0  36 199 193  61  36  36  35   2   0 227 255
255 227   0   0   0   6  32  61 193 219 219 212  13   0 227 255
255 227   0   0   0   4  22  56 222 255 255 247  15   0 227 255
255 227   0   0   0  35 193 219 249 255 255 247  15   0 227 255
255 227   0   0   0  40 224 247 247 247 247 240  14   0 227 255
255 227   0   0   0   2  13  15  15  15  15  14   1   0 227 255
255 227   0   0   0   0   0   0   0   0   0   0   0   0 227 255
255 252 227 227 227 227 227 227 227 227 227 227 227 227 252 255
255 255 255 255 255 255 255 255 255 255 255 255 255 255 255 255
255 255 255 255 255 255 255 255 255 255 255 255 255 255 255 255
255 252 227 227 227 227 227 227 227 227 227 227 227 227 252 255
255 227   0   0   0   0   0   0   0   0   0   0   0   0 227 255
255 227   0   1  14  13   1   0   0   1  13  14   1   0 227 255
255 227   0  14 240 206  23   0   0  23 206 240  14   0 227 255
255 227   0  13 206 185  58  36   6  20 178 206  13   0 227 255
255 227   0   1  23  58 212 199  32   2  20  23   1   0 227 255
255 227   0   0   0  36 199 193  61  36  36  35   2   0 227 255
255 227   0   0   0   6  32  61 193 219 219 212  13   0 227 255
255 227   0   0   0   4  22  56 222 255 255 247  15   0 227 255
255 227   0   0   0  35 193 219 249 255 255 247  15   0 227 255
255 227   0   0   0  40 224 247 247 247 247 240  14   0 227 255
255 227   0   0   0   2  13  15  15  15  15  14   1   0 227 255
255 227   0   0   0   0   0   0   0   0   0   0   0   0 227 255
255 252 227 227 227 227 227 227 227 227 227 227 227 227 252 255
255 255 255 255 255 255 255 255 255 255 255 255 255 255 255 255
255 255 255 255 255 255 255 255 255 255 255 255 255 255 255 255
255 252 227 227 227 227 227 227 227 227 227 227 227 227 252 255
255 227   0   0   0   0   0   0   0   0   0   0   0   0 227 255
255 227   0   1  14  13   1   0   0   1  13  14   1   0 227 255
255 227   0  14 240 206  23   0   0  23 206 240  14   0 227 255
255 227   0  13 206 185  58  36   6  20 178 206  13   0 227 255
255 227   0   1  23  58 212 199  32   2  20  23   1   0 227 255
255 227   0   0   0  36 199 193  61  36  36  35   2   0 227 255
255 227   0   0   0   6  32  61 193 219 219 212  13   0 227 255
255 227   0   0   0   4  22  56 222 255 255 247  15   0 227 255
255 227   0   0   0  35 193 219 249 255 255 247  15   0 227 255
255 227   0   0   0  40 224 247 247 247 247 240  14   0 227 255
255 227   0   0   0   2  13  15  15  15  15  14   1   0 227 255
255 227   0   0   0   0   0   0   0   0   0   0   0   0 227 255
255 252 227 227 227 227 227 227 227 227 227 227 227 227 252 255
255 255 255 255 255 255 255 255 255 255 255 255 255 255 255 255
